0000000
1000000
0100000
1100000
0010000
1010000
0110000
1110000
0001000
1001000
0101000
1101000
0011000
1011000
0111000
1111000
0002000
1002000
0102000
1102000
0012000
1012000
0112000
1112000
0000100
1000100
0100100
1100100
0010100
1010100
0110100
1110100
0001100
1001100
0101100
1101100
0011100
1011100
0111100
1111100
0002100
1002100
0102100
1102100
0012100
1012100
0112100
1112100
0000200
1000200
0100200
1100200
0010200
1010200
0110200
1110200
0001200
1001200
0101200
1101200
0011200
1011200
0111200
1111200
0002200
1002200
0102200
1102200
0012200
1012200
0112200
1112200
0000010
1000010
0100010
1100010
0010010
1010010
0110010
1110010
0001010
1001010
0101010
1101010
0011010
1011010
0111010
1111010
0002010
1002010
0102010
1102010
0012010
1012010
0112010
1112010
0000110
1000110
0100110
1100110
0010110
1010110
0110110
1110110
0001110
1001110
0101110
1101110
0011110
1011110
0111110
1111110
0002110
1002110
0102110
1102110
0012110
1012110
0112110
1112110
0000210
1000210
0100210
1100210
0010210
1010210
0110210
1110210
0001210
1001210
0101210
1101210
0011210
1011210
0111210
1111210
0002210
1002210
0102210
1102210
0012210
1012210
0112210
1112210
0000020
1000020
0100020
1100020
0010020
1010020
0110020
1110020
0001020
1001020
0101020
1101020
0011020
1011020
0111020
1111020
0002020
1002020
0102020
1102020
0012020
1012020
0112020
1112020
0000120
1000120
0100120
1100120
0010120
1010120
0110120
1110120
0001120
1001120
0101120
1101120
0011120
1011120
0111120
1111120
0002120
1002120
0102120
1102120
0012120
1012120
0112120
1112120
0000220
1000220
0100220
1100220
0010220
1010220
0110220
1110220
0001220
1001220
0101220
1101220
0011220
1011220
0111220
1111220
0002220
1002220
0102220
1102220
0012220
1012220
0112220
1112220
0000001
1000001
0100001
1100001
0010001
1010001
0110001
1110001
0001001
1001001
0101001
1101001
0011001
1011001
0111001
1111001
0002001
1002001
0102001
1102001
0012001
1012001
0112001
1112001
0000101
1000101
0100101
1100101
0010101
1010101
0110101
1110101
0001101
1001101
0101101
1101101
0011101
1011101
0111101
1111101
0002101
1002101
0102101
1102101
0012101
1012101
0112101
1112101
0000201
1000201
0100201
1100201
0010201
1010201
0110201
1110201
0001201
1001201
0101201
1101201
0011201
1011201
0111201
1111201
0002201
1002201
0102201
1102201
0012201
1012201
0112201
1112201
0000011
1000011
0100011
1100011
0010011
1010011
0110011
1110011
0001011
1001011
0101011
1101011
0011011
1011011
0111011
1111011
0002011
1002011
0102011
1102011
0012011
1012011
0112011
1112011
0000111
1000111
0100111
1100111
0010111
1010111
0110111
1110111
0001111
1001111
0101111
1101111
0011111
1011111
0111111
1111111
0002111
1002111
0102111
1102111
0012111
1012111
0112111
1112111
0000211
1000211
0100211
1100211
0010211
1010211
0110211
1110211
0001211
1001211
0101211
1101211
0011211
1011211
0111211
1111211
0002211
1002211
0102211
1102211
0012211
1012211
0112211
1112211
0000021
1000021
0100021
1100021
0010021
1010021
0110021
1110021
0001021
1001021
0101021
1101021
0011021
1011021
0111021
1111021
0002021
1002021
0102021
1102021
0012021
1012021
0112021
1112021
0000121
1000121
0100121
1100121
0010121
1010121
0110121
1110121
0001121
1001121
0101121
1101121
0011121
1011121
0111121
1111121
0002121
1002121
0102121
1102121
0012121
1012121
0112121
1112121
0000221
1000221
0100221
1100221
0010221
1010221
0110221
1110221
0001221
1001221
0101221
1101221
0011221
1011221
0111221
1111221
0002221
1002221
0102221
1102221
0012221
1012221
0112221
1112221
0000002
1000002
0100002
1100002
0010002
1010002
0110002
1110002
0001002
1001002
0101002
1101002
0011002
1011002
0111002
1111002
0002002
1002002
0102002
1102002
0012002
1012002
0112002
1112002
0000102
1000102
0100102
1100102
0010102
1010102
0110102
1110102
0001102
1001102
0101102
1101102
0011102
1011102
0111102
1111102
0002102
1002102
0102102
1102102
0012102
1012102
0112102
1112102
0000202
1000202
0100202
1100202
0010202
1010202
0110202
1110202
0001202
1001202
0101202
1101202
0011202
1011202
0111202
1111202
0002202
1002202
0102202
1102202
0012202
1012202
0112202
1112202
0000012
1000012
0100012
1100012
0010012
1010012
0110012
1110012
0001012
1001012
0101012
1101012
0011012
1011012
0111012
1111012
0002012
1002012
0102012
1102012
0012012
1012012
0112012
1112012
0000112
1000112
0100112
1100112
0010112
1010112
0110112
1110112
0001112
1001112
0101112
1101112
0011112
1011112
0111112
1111112
0002112
1002112
0102112
1102112
0012112
1012112
0112112
1112112
0000212
1000212
0100212
1100212
0010212
1010212
0110212
1110212
0001212
1001212
0101212
1101212
0011212
1011212
0111212
1111212
0002212
1002212
0102212
1102212
0012212
1012212
0112212
1112212
0000022
1000022
0100022
1100022
0010022
1010022
0110022
1110022
0001022
1001022
0101022
1101022
0011022
1011022
0111022
1111022
0002022
1002022
0102022
1102022
0012022
1012022
0112022
1112022
0000122
1000122
0100122
1100122
0010122
1010122
0110122
1110122
0001122
1001122
0101122
1101122
0011122
1011122
0111122
1111122
0002122
1002122
0102122
1102122
0012122
1012122
0112122
1112122
0000222
1000222
0100222
1100222
0010222
1010222
0110222
1110222
0001222
1001222
0101222
1101222
0011222
1011222
0111222
1111222
0002222
1002222
0102222
1102222
0012222
1012222
0112222
1112222
